21
input	3
dense	8
relu	0
batchnormalization	0
dense	8
relu	0
batchnormalization	0
dense	8
relu	0
batchnormalization	0
dense	8
relu	0
batchnormalization	0
dense	8
relu	0
batchnormalization	0
dense	8
relu	0
batchnormalization	0
dense	3
linear	0
1.000000082740371e-09
1.9602361e-01	3.8380828e-01	1.0226157e-01	-2.5943360e-01	-8.8990673e-02	-2.2365861e-01	-2.5159109e-01	1.1934604e-01
8.8379860e-02	-8.1049062e-02	-3.8874127e-02	-1.0549594e-01	-1.2603959e-02	-2.4749231e-01	1.2085366e-01	3.9092669e-01
2.0623155e-02	1.9570599e-01	-1.5037712e-01	2.3648044e-01	2.4003634e-01	1.0449272e-01	-2.1379997e-01	-2.6026261e-01
-5.4773083e-03	4.7935066e-01	3.8716459e-01	1.7239799e-01	6.2550791e-03	7.5412011e-01	1.5650967e-01	-6.2541181e-01
1.6520397e-01	3.0103359e-01	-5.2611936e-02	-1.9341986e-01	4.9852037e-01	2.5513595e-01	1.8697596e-01	1.8809463e-01
5.4464155e-01	2.3905720e-01	9.6734919e-02	4.5600301e-01	1.6117826e-01	-2.7910107e-01	8.7858655e-02	-1.4009504e-03
-9.3466481e-03	-2.3039400e-03	-4.7370335e-03
-5.0662673e-01	7.9127416e-02	5.8948975e-02	-3.5768789e-01	6.5976065e-01	1.2212776e-01	7.7741271e-01	1.2219230e-01	2.9456096e-02	-3.9619662e-02	-9.2926037e-01	2.8990850e-01	4.4140026e-01	-8.4549224e-01	3.2434523e-01	-5.1497138e-01	-4.5332184e-01	3.7932968e-01	-6.6261315e-01	-1.0759019e+00	-4.3010554e-01	-2.7003866e-01	-4.7139803e-01	2.0059580e-01
7.7458292e-02	6.2933072e-02	2.3253721e-01	-8.5163432e-01	-2.8965777e-01	4.5179969e-01	-1.6265919e-02	-4.8942885e-01	9.6068919e-02	-3.6288548e-01	1.0099288e-01	3.2283515e-01	-1.3392647e-01	1.8857035e-01	3.2046837e-01	-3.1741095e-01	-1.9956931e-01	6.9078785e-01	-1.7886955e-02	8.1151212e-03	-4.5916036e-01	-1.9539762e-01	3.6283886e-01	-3.2985812e-01	-4.9931121e-01	2.6914361e-01	-5.7531744e-02	-2.8118446e-01	-5.3728455e-01	4.9335543e-02	3.4617499e-01	-2.7752595e-02	4.3132859e-01	-9.8773196e-02	6.7646348e-01	-1.3477544e-01	1.5482871e-01	-3.1809688e-01	-1.2851451e-01	-1.5965720e-01	-2.9747728e-01	-4.7288412e-01	-1.5915607e-01	-1.2136661e-01	4.3548092e-01	4.3370193e-01	5.6534201e-01	5.6318009e-01	-1.3657583e-01	5.9459442e-01	1.4173527e-01	-1.2621079e-01	7.5596713e-02	-3.2778913e-01	-5.3039759e-01	2.9547718e-01	3.6177784e-01	2.6320061e-01	-1.1398434e-01	-3.7908259e-01	5.3483550e-02	4.0501937e-01	-4.8737101e-02	1.8823426e-02
-4.5350376e-01	-2.0631406e-02	1.3799380e-01	4.5835602e-01	-3.2234776e-01	-1.9756898e-01	-4.3253630e-01	4.3121028e-01	4.7989182e-02	-2.3683335e-01	-5.8636147e-01	2.4630779e-01	-3.5725451e-01	-5.1586056e-01	6.8104810e-01	6.0978228e-01	-3.5927224e-01	-6.1152047e-01	-1.4746814e-02	-2.2484864e-01	-5.7294083e-01	-5.1230997e-01	4.7416386e-01	-3.7048001e-02	5.6141108e-01	2.1153191e-01	4.2740011e-01	-3.4629765e-01	-2.1422313e-01	-2.4011219e-01	3.1996855e-01	7.6116550e-01	1.2297641e-02	5.0043595e-01	5.2848780e-01	2.5980089e-02	8.0237675e-01	-5.2159113e-01	-3.0514792e-01	-3.5214454e-01	5.6680763e-01	-2.2086689e-01	4.0022400e-01	1.2236387e-02	-2.6363039e-01	-2.7584273e-01	6.5789425e-01	3.2338817e-02	-2.8642324e-01	6.4193130e-01	3.0489230e-01	3.4215218e-01	4.2352071e-01	5.1981992e-01	-3.1596652e-01	9.8745547e-02	1.8590048e-01	-3.4982142e-01	4.4887948e-01	2.8399119e-01	-1.8977004e-01	3.2072794e-01	2.0371099e-01	4.9499527e-01
-5.4529387e-01	-5.8337235e-01	-1.7596558e-01	5.2938795e-01	-2.7422503e-01	3.6131322e-01	2.4278738e-01	-1.3072252e-01	-2.6132891e-01	-2.7649504e-01	-6.9541246e-02	4.2104003e-01	5.1292682e-01	-1.6608652e-02	-1.3424101e-01	1.6205210e-02	-1.8330213e-01	4.3179500e-01	-1.8437666e-01	-5.9860545e-01	9.1286622e-02	6.4358085e-01	1.4644161e-01	-2.4984334e-01	-1.0171160e-01	1.2272578e-01	-4.7642210e-01	-5.1540613e-01	-6.9541901e-02	-1.9881624e-01	7.6525348e-01	1.6814786e-01	5.8893234e-01	-2.6886019e-01	5.1314014e-01	-3.0063257e-01	5.1480514e-01	-4.2786589e-01	-5.1323110e-01	-3.4564766e-01	3.6000299e-01	2.1199165e-01	2.0024963e-01	5.2287579e-01	-4.9295488e-01	6.7218572e-01	1.8196514e-01	4.5306993e-01	-2.5000641e-01	-2.0993480e-01	2.4083868e-01	-9.1778368e-02	-2.1840642e-01	-4.3375129e-01	5.5685826e-03	-3.2849154e-01	3.8410928e-02	1.3117081e-01	-2.0677090e-01	7.9790717e-01	-1.7348154e-01	4.9179965e-01	1.2275591e-01	1.0563215e+00
-4.1086170e-01	-4.5048332e-01	1.9891758e-01	-4.6515980e-01	-9.7058617e-02	4.7145069e-01	-5.2463615e-01	-5.0748688e-01	1.8535171e-01	-1.6908526e-01	4.6913609e-01	2.4105953e-01	-9.9493429e-02	5.1568851e-02	-4.0839797e-01	4.2483321e-01	-9.4922259e-03	5.1952904e-01	6.9133097e-01	-4.9499735e-01	-3.5390171e-01	4.3228707e-01	-2.4910110e-01	-3.7559870e-01	-1.5394364e-01	-4.9003255e-01	6.1547093e-02	-5.4792543e-03	6.4339602e-01	-2.7211498e-02	-5.8807857e-02	1.5548463e-01	-1.2034564e-01	2.6739773e-01	1.2847015e-01	-1.8801580e-01	-1.3969405e-01	-1.4028323e-01	-8.3889329e-01	-1.9715206e-01	-2.8437802e-01	2.9658478e-01	-2.6546407e-01	8.4872067e-02	5.3235215e-01	-1.5337914e-01	6.1511135e-01	-4.2083774e-02	-4.9085546e-02	1.4434825e-01	-1.4418788e-01	-1.5829115e-01	-7.6100789e-02	2.2864896e-01	-1.2298381e-01	8.8298045e-02	-1.3118446e-01	-6.7633617e-01	-1.0052041e+00	6.2331134e-03	2.6990485e-01	-2.3705956e-01	-3.2502234e-01	-3.0938515e-01
-1.7976247e-01	-5.3736025e-01	-5.1429069e-01	2.1397021e-01	1.6764632e-01	-3.3209279e-02	-4.9072820e-01	-2.9053444e-01	1.2681064e-01	9.0860203e-02	2.4635032e-01	1.6077960e-01	2.2169179e-01	-1.7457455e-01	-2.0837872e-01	-2.1460176e-01	-2.8917524e-01	-9.3598507e-02	7.4257278e-01	-5.4748726e-01	1.9101429e-01	-3.6301583e-01	1.6613892e-01	-7.5614840e-02	2.8536829e-01	-2.3311500e-01	-5.0859232e-02	-1.4554049e-01	1.8952499e-01	2.8808019e-01	1.6962127e-01	-2.2755148e-01	6.1037268e-02	7.7117704e-02	-2.3077045e-01	-1.1290110e-01	7.0580482e-02	6.5086293e-01	4.2271641e-01	5.0181860e-01	-4.5061430e-01	-2.4924880e-01	2.4673297e-01	-3.3626774e-01	3.3709469e-01	2.4720871e-01	2.8821832e-01	-5.9058207e-01	1.1813106e-01	5.0462127e-01	1.5519983e-01	2.3228964e-01	5.3133649e-01	-7.1862169e-02	-5.0583327e-01	3.7231311e-01	-3.4495771e-01	-1.4362322e-01	-2.0541495e-01	-3.4689003e-01	-1.9670410e-01	4.3433604e-01	2.2441311e-01	5.9897137e-01
7.1031511e-01	6.6831964e-01	-1.2095220e-01	-2.4072927e-01	-4.1267672e-01	-8.4338523e-03	2.5048852e-01	5.9473020e-01	5.3560662e-01	-1.0701125e-02	6.3304710e-01	4.9486384e-01	1.4405634e-01	3.0202866e-01	-1.0816700e-01	-2.0568537e-02	4.9629208e-01	1.8648781e-01	8.0265313e-01	4.1920960e-01	2.5467658e-01	3.2323599e-03	-1.8996960e-01	-2.7201012e-01
2.2085026e-01	1.7839777e-01	2.4855448e-01	-1.9647907e-01	-2.5218021e-02	6.3403390e-02	-2.6502734e-01	-3.6132567e-02
9.7559935e-01	1.0947727e+00	9.4032633e-01	9.8408818e-01	6.6503119e-01	9.6583462e-01	9.6198052e-01	1.1874112e+00
2.8762516e-01	4.1993341e-01	3.9881283e-01	2.3425132e-01	2.3191489e-01	2.9200956e-01	4.5907149e-01	3.5440791e-01
1.5609907e-01	2.5904652e-01	2.0880611e-01	8.6192943e-02	9.3462706e-02	2.0894498e-01	4.7156009e-01	1.5050544e-01
2.6232883e-01	1.6213901e-01	-8.7018572e-02	9.4038798e-03	-4.3522418e-02	-3.7991399e-01	6.5606475e-02	1.8857630e-01
1.0336099e+00	1.0587220e+00	8.8393718e-01	7.3746616e-01	9.3882275e-01	1.0017041e+00	9.9355704e-01	1.0777032e+00
7.9085714e-01	8.7244973e-02	3.9021400e-01	2.2294496e-01	4.8886433e-01	3.4698564e-01	5.7702297e-01	6.1479968e-01
5.6833851e-01	3.0302696e-02	5.4887670e-01	1.0480554e-01	3.2660231e-01	3.1104770e-01	6.1739761e-01	3.7241915e-01
-1.8954587e-01	7.2013043e-02	-6.0870141e-02	-3.4817852e-02	4.5717124e-02	2.2125058e-01	1.6144037e-01	3.2434806e-02
1.1175936e+00	9.8695636e-01	7.7475405e-01	9.5314425e-01	8.5381770e-01	1.0369744e+00	9.4224185e-01	9.6743304e-01
3.8155174e-01	6.3249481e-01	3.0832267e-01	7.8973842e-01	6.5962833e-01	7.5760990e-01	3.2492962e-01	2.8058940e-01
2.2595967e-01	3.8086861e-01	1.8546300e-01	1.0243719e+00	5.7984853e-01	1.4473110e+00	7.0707458e-01	4.4759870e-01
-2.3360682e-01	7.0955709e-02	-4.0085129e-02	-1.4355399e-01	2.0548792e-01	3.9493978e-02	-2.6563448e-01	-1.1199974e-02
9.3318057e-01	1.1080346e+00	1.0099703e+00	9.1652268e-01	9.5312089e-01	8.5544914e-01	1.1448442e+00	8.1175083e-01
3.6882544e-01	5.9230095e-01	7.1537203e-01	4.6627375e-01	2.9325253e-01	1.0141809e+00	4.1903028e-01	6.6654348e-01
1.1377163e-01	4.6376869e-01	2.9765666e-01	3.8926977e-01	1.5310974e-01	2.0306273e+00	1.5406303e-01	2.8500898e+00
2.7861771e-01	-4.3400884e-01	-1.3877235e-01	-1.3583344e-01	3.2652384e-01	8.2894489e-02	-3.1023297e-01	-2.5420848e-01
9.7468287e-01	7.8296155e-01	1.0885663e+00	8.5086119e-01	8.0614638e-01	9.4525826e-01	1.1035955e+00	1.0008073e+00
5.7110584e-01	5.8449757e-01	7.6765645e-01	3.6643860e-01	9.4333410e-01	7.0368701e-01	2.8204373e-01	9.9825501e-01
4.2398810e-01	6.1061800e-01	1.2234086e+00	3.4352821e-01	7.3737913e-01	7.9827726e-01	1.4052625e-01	1.0443990e+00
1.5879516e-02	1.3742868e-03	-4.5285672e-03	-6.4044995e-03	-9.6915464e-04	-4.2471448e-03	-7.9186345e-03	-5.2978355e-03
9.3687505e-01	7.1689147e-01	1.1367028e+00	1.1143713e+00	9.1232836e-01	9.5613128e-01	8.0687016e-01	5.5457604e-01
1.2628894e+00	4.2872915e-01	6.6218221e-01	7.5926960e-01	3.5712770e-01	4.8991370e-01	2.5238252e-01	3.3074784e-01
6.7327964e-01	2.4284010e-01	1.0353912e+00	1.2549959e-01	2.1851835e-01	4.3037483e-01	8.8213921e-02	1.7168412e-01
