15
input	3
dense	8
relu	0
batchnormalization	0
dense	8
relu	0
batchnormalization	0
dense	8
relu	0
batchnormalization	0
dense	8
relu	0
batchnormalization	0
dense	2
linear	0
0.0010000000474974513
2.0759048e-01	-4.0930140e-01	2.6050302e-01	5.8005922e-02	5.7097156e-02	2.6685125e-01	4.2726773e-01	-1.3027126e-01
3.8848424e-01	2.5391120e-01	-2.4064299e-01	1.8694317e-01	1.5751526e-01	-7.3030755e-02	-9.4797857e-02	6.4378935e-01
-1.8841508e-01	1.2763883e-01	3.6471078e-01	-4.6765488e-02	7.4725533e-01	4.0308464e-01	-1.2058493e-03	-2.3317067e-01
2.4125991e+00	4.2635718e-01	-6.2827289e-02	2.7259612e-01	-1.5194295e-01	5.9961355e-01	1.5924725e-01	-1.0726079e-01
-5.5892812e-03	-8.7764990e-03
1.0000720e-03	-3.6245356e-03	-1.4111475e+00	-2.8719062e-01	-1.8962933e-02	7.4745047e-01	7.2023767e-01	3.8452215e-02	-1.9801868e-01	3.2314647e-02	-4.2328995e-01	4.9623999e-01	3.5210216e-01	-5.4496471e-02	-9.7249156e-01	7.2130114e-01	1.0983367e-02	1.6282812e-01	9.0678865e-01	-4.0939596e-01	5.3771228e-02	-6.0427284e-01	8.2785764e-04	-3.8929042e-01
3.0334225e-01	5.5173252e-02	2.3540916e-01	-2.0303756e-01	4.5898384e-01	8.3535016e-01	8.9213058e-02	4.9899048e-01	2.6234604e-02	-2.6893821e-01	-4.8554790e-01	-7.7331968e-02	-2.0709857e-01	5.2172601e-01	6.1317466e-02	-6.7736113e-01	-8.3829984e-02	7.9698145e-01	4.9587604e-02	2.2583021e-01	-2.1711983e-01	-1.7168626e-02	1.7662247e-01	-2.0677301e-01	3.9649707e-01	5.4782367e-01	3.0828747e-01	-2.8324336e-01	-5.2849388e-01	3.7305930e-01	7.8856565e-02	2.4766389e-01	-5.8326489e-01	-1.4576752e-01	7.4877180e-02	2.0568473e-02	-4.8514327e-01	-4.0413904e-01	3.7703267e-01	-5.3754537e-03	-9.1480315e-01	-2.9821221e-02	1.2011570e-01	5.1667113e-02	4.5874608e-01	9.8767504e-02	-1.5103431e-01	2.1680805e-01	2.0922447e-02	1.6223811e-01	-1.7654498e-01	3.1184849e-01	3.1744140e-01	7.9475135e-01	-4.2711708e-01	-9.6485889e-01	-1.0714105e-02	1.4819689e-02	-6.0370493e-01	6.4795196e-02	-2.7844438e-01	1.8016146e-01	-1.7193936e-01	5.2836728e-01
-6.7231768e-01	-3.1185558e-01	2.4337116e-01	4.4201377e-01	1.5415792e-01	5.8446777e-01	5.5791014e-01	-1.7787647e-01	1.2648883e-01	7.4645942e-01	2.3403138e-01	2.0568754e-01	2.1336517e-01	-1.6274979e-02	5.2438319e-01	-5.2495003e-01	2.6327476e-01	-4.5125726e-01	-5.6701005e-01	-6.7356563e-01	-1.1024628e-01	9.4946876e-02	3.7621906e-01	-3.4783152e-01	2.6399094e-01	-7.9239629e-02	-1.7747544e-01	-1.9841649e-01	-2.1035066e-01	3.4973440e-01	4.8629662e-01	-4.4565719e-01	1.1516377e-01	-4.5123133e-01	6.8346247e-02	1.3551998e-01	9.6594691e-02	4.0741268e-01	3.9131843e-02	8.1069744e-01	-8.3608937e-01	-1.6169450e-01	-1.0999777e-01	-3.3794418e-02	-4.1723102e-01	5.9191334e-01	5.3079277e-01	5.3806596e-02	-2.8955370e-01	-4.9764219e-01	3.5663149e-01	-6.0825419e-01	2.0232390e-01	3.1550750e-02	-4.4788843e-01	-2.9957619e-01	5.7738739e-01	1.5947232e-01	-4.7603112e-01	-4.2166352e-02	3.8623124e-01	5.8978015e-01	-4.1031766e-01	3.0731854e-01
1.7902954e-01	-8.2698607e-01	-2.3922242e-01	-2.1273342e-01	-5.0063121e-01	3.6479408e-01	1.7583488e-01	-8.3144590e-02	-2.1589306e-01	-3.3152789e-01	4.9101535e-02	-2.3101848e-01	1.1939335e+00	-2.0667452e-01	1.8688753e-01	1.8282150e-01	1.2233344e-01	-2.4528787e-01	3.3995676e-01	-4.4189629e-01	5.2255505e-01	7.1032412e-02	3.6272231e-01	1.4981575e-01	-2.9417542e-01	-1.0270317e-01	-4.3392497e-01	2.4956568e-01	2.7407581e-01	6.8190962e-01	-5.0649959e-01	-3.2549292e-01	5.6518972e-01	-3.3742586e-01	-1.0343018e-01	-4.9378473e-01	-3.3879986e-01	3.6429781e-01	-2.3798667e-02	-5.5559695e-02	1.7084520e-01	6.4653808e-01	-8.6623587e-02	3.8249221e-01	-1.1357314e-01	5.4076993e-01	-5.2409595e-01	5.2239096e-01	-4.9150956e-01	-1.5870729e-01	-8.4995613e-02	-6.0063046e-01	1.6683465e-01	-3.5488209e-01	3.3501527e-01	-7.5897998e-01	6.6345721e-01	1.2199640e-01	-2.5454408e-01	4.2899153e-01	7.1265739e-01	-5.6386578e-01	-1.5625431e-01	-1.4797432e-02
2.9766852e-02	-5.2194107e-01	5.9071732e-01	-3.2995474e-01	2.0058344e-01	-1.2124288e-01	-3.5428149e-01	-1.5075561e-01	-2.7062455e-01	-6.6017926e-01	-1.3120393e-01	1.7119813e-01	-1.4717773e-01	1.7268196e-01	1.9871271e-01	8.1834614e-02
5.2304264e-02	-1.9367333e-01	-1.1426152e-01	-2.1606742e-01	2.5737575e-01	5.3179085e-01	-2.6538704e-02	4.9548686e-02
1.4050329e+00	8.5400784e-01	6.8499500e-01	3.3460870e-01	1.2136332e+00	1.1296080e+00	5.8243549e-01	1.2427621e+00
6.5905708e-01	8.3742440e-02	4.2212921e-01	2.5826707e-01	3.6303490e-01	4.8577660e-01	6.2824333e-01	2.8220463e-01
1.0309186e+00	3.3179481e-02	1.4896433e-01	1.0589600e-01	3.6508051e-01	2.3657835e-01	2.9043904e-01	2.3814386e-01
9.2030860e-02	-1.2531748e-01	-2.2665228e-01	-1.0508687e-01	-2.3087129e-01	7.8561760e-02	2.2386502e-01	-1.1547773e-01
1.0401640e+00	1.4485461e+00	7.8874505e-01	1.0212398e+00	3.5422468e-01	9.9076200e-01	1.0556071e+00	8.1099582e-01
1.1326665e+00	8.8321477e-01	1.9058897e-01	3.6016756e-01	3.2473806e-01	3.0984780e-01	7.5624794e-01	7.9545265e-01
1.2392544e+00	4.4115880e-01	2.3782614e-01	2.1982729e-01	9.8230518e-02	7.3919818e-02	4.9267855e-01	5.7642633e-01
3.4462102e-02	-5.4494303e-01	-3.1903580e-01	-6.3074995e-03	-1.6110225e-02	3.8870913e-01	-1.2844567e-01	-2.2550040e-01
8.5752940e-01	1.0647023e+00	9.0891999e-01	9.1199404e-01	1.1385874e+00	8.8124591e-01	1.0717256e+00	1.0354400e+00
4.5284018e-01	8.8968664e-01	9.4742101e-01	5.4362839e-01	7.5697035e-01	8.6248487e-01	5.4912966e-01	1.8763867e-01
4.8600912e-01	1.2147355e+00	6.2723345e-01	4.1664663e-01	1.0151976e+00	3.8626701e-01	3.9478493e-01	1.1543453e-01
-1.1383759e-02	-1.1261222e-02	-1.9032588e-02	-1.0101138e-04	-6.2948309e-02	1.5237920e-02	7.5715757e-04	-3.2251768e-02
8.3086693e-01	7.9344225e-01	9.9608868e-01	1.0378143e+00	8.8375098e-01	8.2685953e-01	8.6625081e-01	8.1772655e-01
3.0824211e+00	9.3795931e-01	5.1883900e-01	1.0190983e+00	4.3110609e-01	1.0998710e+00	8.5270882e-01	3.4682247e-01
8.3161002e-01	2.0949430e+00	5.6836945e-01	6.3926131e-01	3.0028015e-01	2.1163282e+00	8.5329437e-01	5.1528859e-01
